0.05526197258985063
0.08013478823770982
0.05809322160817235
0.07915203914521542
0.05250653737714478
0.07227793968896375
0.306296893611663
0.01902378633740089
0.0704627092830693
0.016407456977737704
0.016365228630864242
0.016255400205382943
0.029567898642364275
0.014744636623386147
0.09604711941336233
0.033327821052630685
0.029567898642364275
0.01804503421939564
0.010958288478120599
0.07915203914521542
0.036681249145527985
0.03518858933767592
0.00210382931207408
0.006443440685299367
0.011791296520562385
0.05069868001125772
0.015005151107464454
0.013096854723337078
0.004690728821404039
0.004567376371886086
0.028273438912090876
0.006335832265068559
0.03698618511148987
0.01980864259638539
0.05151826745538689
0.0519116324087851
0.028311855097366192
0.15150718594920998
0.19957514583765718
0.11399477686210326
0.09265315173172921
0.0782333236966411
0.11645480333383136
0.018642928698391764
0.02476074312359132
0.006443440685299367
0.01577606343483326
0.03518858933767592
0.033594720799870414
0.08234691366633803
0.08289200745402286
0.022759541509609623
0.004612088424476831
0.025795503198380153
0.028538222132217402
0.05809322160817235
0.01336734128784759
0.017308015248802006
0.00210382931207408
0.010754441460317668
0.009376622720599232
0.017306795114671578
0.021357078827191886
0.027401929191711506
0.025418035094012425
0.022072438115966677
0.028533749886482346
0.009498695204787303
0.030442462632541634
0.028644110360793344
0.02964827301317976
0.01866197788678002
0.03753936233096798
0.026711045487230523
0.021772796290010887
