6.632122352537786e-05
6.522618357550843e-05
6.522618357550843e-05
6.522618357550843e-05
2.05175497528276e-05
1.9726185942338252e-05
1.9726185942338252e-05
1.9434308650692814e-05
1.9434308650692814e-05
1.9086063370267082e-05
1.9005517584589515e-05
1.8785300845992484e-05
1.8576571944597002e-05
1.8387755534727113e-05
1.8352095360765298e-05
1.819755809359633e-05
1.8193766010084173e-05
1.8193766010084173e-05
1.8163635278851922e-05
1.810567882617827e-05
1.806723991484152e-05
1.806723991484152e-05
1.7877542153643138e-05
1.771180246072245e-05
1.7649783412712004e-05
1.762607830001869e-05
1.762607830001869e-05
1.762607830001869e-05
1.7596260362214348e-05
1.7596260362214348e-05
1.7596260362214348e-05
1.7596260362214348e-05
1.7596260362214348e-05
1.7596260362214348e-05
1.7572864646413523e-05
1.7542866489873704e-05
1.7435459785086023e-05
1.7435459785086023e-05
1.7435459785086023e-05
1.7435459785086023e-05
1.7435459785086023e-05
1.7435459785086023e-05
1.741505499460874e-05
1.7368772957713827e-05
1.7368772957713827e-05
1.728864828177069e-05
1.7215333153256193e-05
1.7204683624594284e-05
1.7194619395481118e-05
1.7194619395481118e-05
1.7194619395481118e-05
1.7194619395481118e-05
1.7194619395481118e-05
1.7175637793547672e-05
1.713314277823056e-05
1.7123558986406288e-05
1.7120555800988365e-05
1.7120555800988365e-05
1.7120555800988365e-05
1.7082924302975955e-05
1.7082924302975955e-05
1.7052352388736862e-05
1.7052352388736862e-05
1.7041187402388622e-05
1.7041187402388622e-05
1.7000752256681704e-05
1.7000752256681704e-05
1.7000752256681704e-05
1.6997768011034367e-05
1.6992079428291343e-05
1.6982571224060377e-05
1.6982571224060377e-05
1.6982571224060377e-05
